{
 "cells": [
  {
   "cell_type": "markdown",
   "id": "26b08e35",
   "metadata": {},
   "source": [
    "### Eigen Value Decomposition for square matrix - Maths behind the concept \n",
    "#### Used - Google translator"
   ]
  },
  {
   "cell_type": "code",
   "execution_count": 18,
   "id": "b9489844",
   "metadata": {},
   "outputs": [],
   "source": [
    "import numpy as np"
   ]
  },
  {
   "cell_type": "markdown",
   "id": "155543f1",
   "metadata": {},
   "source": [
    "Square symmetric matrix - Eigen Value Decomposition"
   ]
  },
  {
   "cell_type": "code",
   "execution_count": 19,
   "id": "f4371232",
   "metadata": {},
   "outputs": [],
   "source": [
    "R = np.random.randn(10,5)"
   ]
  },
  {
   "cell_type": "code",
   "execution_count": 20,
   "id": "cb02fc48",
   "metadata": {},
   "outputs": [],
   "source": [
    "A = np.matmul(R,R.T)"
   ]
  },
  {
   "cell_type": "code",
   "execution_count": 21,
   "id": "da1940a5",
   "metadata": {},
   "outputs": [
    {
     "data": {
      "text/plain": [
       "array([[ 8.61414596,  2.22180254, -0.54449351,  4.62799097, -0.77122162,\n",
       "        -0.37415501,  0.84452089,  3.75481421, -0.82951935, -1.00543637],\n",
       "       [ 2.22180254,  1.21153226,  0.4704765 ,  1.17839886, -0.80645974,\n",
       "        -0.11348459,  1.58049707,  0.48103364,  0.47383226, -1.54763512],\n",
       "       [-0.54449351,  0.4704765 ,  3.04089585,  0.58540091, -1.0506982 ,\n",
       "        -1.01159041,  0.12646968, -2.93443851,  1.02282421, -0.61628344],\n",
       "       [ 4.62799097,  1.17839886,  0.58540091,  3.95662591, -2.41287456,\n",
       "        -2.42955325, -1.62352133,  3.50800041, -1.93957893,  0.81531356],\n",
       "       [-0.77122162, -0.80645974, -1.0506982 , -2.41287456,  3.80708581,\n",
       "         3.28267827,  1.52903414, -2.76874116,  2.21332573, -0.55361373],\n",
       "       [-0.37415501, -0.11348459, -1.01159041, -2.42955325,  3.28267827,\n",
       "         3.47804723,  3.07111723, -2.83049245,  2.59880883, -1.96019902],\n",
       "       [ 0.84452089,  1.58049707,  0.12646968, -1.62352133,  1.52903414,\n",
       "         3.07111723,  5.86600975, -2.80181221,  3.64731496, -4.6906312 ],\n",
       "       [ 3.75481421,  0.48103364, -2.93443851,  3.50800041, -2.76874116,\n",
       "        -2.83049245, -2.80181221,  9.35801436, -3.69920779,  2.38124314],\n",
       "       [-0.82951935,  0.47383226,  1.02282421, -1.93957893,  2.21332573,\n",
       "         2.59880883,  3.64731496, -3.69920779,  3.80642861, -2.69559051],\n",
       "       [-1.00543637, -1.54763512, -0.61628344,  0.81531356, -0.55361373,\n",
       "        -1.96019902, -4.6906312 ,  2.38124314, -2.69559051,  3.95526914]])"
      ]
     },
     "execution_count": 21,
     "metadata": {},
     "output_type": "execute_result"
    }
   ],
   "source": [
    "A"
   ]
  },
  {
   "cell_type": "code",
   "execution_count": 22,
   "id": "e6e32d37",
   "metadata": {},
   "outputs": [
    {
     "data": {
      "text/plain": [
       "(10, 10)"
      ]
     },
     "execution_count": 22,
     "metadata": {},
     "output_type": "execute_result"
    }
   ],
   "source": [
    "A.shape"
   ]
  },
  {
   "cell_type": "markdown",
   "id": "518601f2",
   "metadata": {},
   "source": [
    "### Apply EVD"
   ]
  },
  {
   "cell_type": "code",
   "execution_count": 23,
   "id": "9e52fef1",
   "metadata": {},
   "outputs": [],
   "source": [
    "evd = np.linalg.svd(A)"
   ]
  },
  {
   "cell_type": "markdown",
   "id": "9cf4f24b",
   "metadata": {},
   "source": [
    "type(evd) == tuple"
   ]
  },
  {
   "cell_type": "markdown",
   "id": "0e66f8f4",
   "metadata": {},
   "source": [
    "#### A = Q.lambda.Q^T\n",
    "Each matrix is 10X10 matrix"
   ]
  },
  {
   "cell_type": "code",
   "execution_count": 24,
   "id": "1d0416c6",
   "metadata": {},
   "outputs": [
    {
     "data": {
      "text/plain": [
       "(array([[-2.82172358e-01, -6.77503621e-01, -1.60910368e-02,\n",
       "         -4.84427870e-01, -1.10515798e-01, -1.86718495e-01,\n",
       "          1.18087635e-01, -2.36873519e-01, -3.22527672e-01,\n",
       "         -7.26837695e-02],\n",
       "        [-1.82778961e-02, -2.76001564e-01,  1.45992427e-01,\n",
       "          1.39404509e-01, -2.38626666e-02,  6.98602885e-01,\n",
       "         -5.56086892e-01, -4.10070035e-02, -1.32957966e-01,\n",
       "         -2.55996494e-01],\n",
       "        [ 8.08167425e-02,  1.59740977e-02,  6.23614184e-01,\n",
       "         -1.08102833e-01,  3.52986235e-01, -9.31641350e-02,\n",
       "          2.44201184e-01,  2.40400235e-01,  4.60257679e-03,\n",
       "         -5.84727370e-01],\n",
       "        [-3.38134498e-01, -2.52341214e-01,  2.57055475e-01,\n",
       "         -1.89434318e-01,  1.06083981e-01,  7.74125600e-02,\n",
       "         -1.18151535e-01,  4.27549661e-01,  5.60438488e-01,\n",
       "          4.38097915e-01],\n",
       "        [ 2.73725497e-01,  5.52442778e-05, -4.22478500e-01,\n",
       "         -4.61502833e-01,  1.98675753e-01,  3.15223383e-02,\n",
       "         -1.59196111e-01, -1.93638878e-01,  5.52085131e-01,\n",
       "         -3.54257365e-01],\n",
       "        [ 3.13815288e-01, -1.36318130e-01, -3.67563873e-01,\n",
       "         -1.74438364e-01, -7.30955752e-02,  2.93386283e-01,\n",
       "          2.99437328e-01,  6.89040830e-01, -2.48044060e-01,\n",
       "         -4.59140181e-03],\n",
       "        [ 3.54216896e-01, -4.37823802e-01, -4.84599176e-02,\n",
       "          3.88760305e-01, -8.11072797e-02, -5.47853092e-01,\n",
       "         -3.81878187e-01,  2.43015292e-01,  7.91246545e-02,\n",
       "         -1.07183379e-01],\n",
       "        [-5.55275600e-01, -1.33233838e-01, -4.41503364e-01,\n",
       "          4.30512752e-01,  4.28450321e-01,  6.67719668e-03,\n",
       "          1.70771624e-01,  8.48722395e-02,  5.06856194e-02,\n",
       "         -2.66649139e-01],\n",
       "        [ 3.52406694e-01, -1.71177915e-01,  2.62347940e-02,\n",
       "          9.61913690e-03,  7.55720202e-01,  6.02246747e-02,\n",
       "         -7.16734240e-03, -1.94874714e-01, -2.15174811e-01,\n",
       "          4.32040614e-01],\n",
       "        [-2.60349058e-01,  3.78886882e-01, -1.09096246e-01,\n",
       "         -3.44009445e-01,  2.12808902e-01, -2.67458740e-01,\n",
       "         -5.59622455e-01,  2.91734832e-01, -3.77798634e-01,\n",
       "         -2.40518475e-02]]),\n",
       " array([2.20612213e+01, 1.28174608e+01, 6.93297061e+00, 4.08139652e+00,\n",
       "        1.20100563e+00, 1.90578415e-15, 9.35756220e-16, 6.39946799e-16,\n",
       "        4.21642550e-16, 3.07369574e-16]),\n",
       " array([[-2.82172358e-01, -1.82778961e-02,  8.08167425e-02,\n",
       "         -3.38134498e-01,  2.73725497e-01,  3.13815288e-01,\n",
       "          3.54216896e-01, -5.55275600e-01,  3.52406694e-01,\n",
       "         -2.60349058e-01],\n",
       "        [-6.77503621e-01, -2.76001564e-01,  1.59740977e-02,\n",
       "         -2.52341214e-01,  5.52442778e-05, -1.36318130e-01,\n",
       "         -4.37823802e-01, -1.33233838e-01, -1.71177915e-01,\n",
       "          3.78886882e-01],\n",
       "        [-1.60910368e-02,  1.45992427e-01,  6.23614184e-01,\n",
       "          2.57055475e-01, -4.22478500e-01, -3.67563873e-01,\n",
       "         -4.84599176e-02, -4.41503364e-01,  2.62347940e-02,\n",
       "         -1.09096246e-01],\n",
       "        [-4.84427870e-01,  1.39404509e-01, -1.08102833e-01,\n",
       "         -1.89434318e-01, -4.61502833e-01, -1.74438364e-01,\n",
       "          3.88760305e-01,  4.30512752e-01,  9.61913690e-03,\n",
       "         -3.44009445e-01],\n",
       "        [-1.10515798e-01, -2.38626666e-02,  3.52986235e-01,\n",
       "          1.06083981e-01,  1.98675753e-01, -7.30955752e-02,\n",
       "         -8.11072797e-02,  4.28450321e-01,  7.55720202e-01,\n",
       "          2.12808902e-01],\n",
       "        [ 1.40790930e-01,  2.60392794e-01, -9.93989711e-02,\n",
       "         -3.88522569e-01,  7.58942950e-02, -1.99460285e-01,\n",
       "         -6.29257076e-01,  1.80425108e-02,  1.62640964e-01,\n",
       "         -5.32219064e-01],\n",
       "        [-3.15369759e-01,  1.58712086e-01,  3.63552970e-01,\n",
       "          3.57103617e-01,  2.60164192e-01,  4.82923306e-01,\n",
       "         -1.91610314e-01,  2.21108283e-01, -3.31369988e-01,\n",
       "         -3.45469034e-01],\n",
       "        [ 1.54157725e-02,  3.99079541e-01,  2.69857555e-01,\n",
       "         -2.93533034e-01,  5.23055640e-01, -4.27616755e-01,\n",
       "          2.80155967e-01,  1.04842946e-01, -3.26287440e-01,\n",
       "          1.70666158e-01],\n",
       "        [-1.19302044e-01,  7.89337222e-01, -2.06731614e-01,\n",
       "          3.63885698e-02, -2.03877427e-01,  2.84974882e-01,\n",
       "         -1.05077414e-01, -1.24853613e-01,  1.29656954e-01,\n",
       "          3.90428459e-01],\n",
       "        [-2.83679018e-01,  8.28284915e-02, -4.58717070e-01,\n",
       "          5.85502975e-01,  3.24855027e-01, -4.18325625e-01,\n",
       "          2.39117220e-02, -1.85166823e-01,  1.22805764e-01,\n",
       "         -1.70187178e-01]]))"
      ]
     },
     "execution_count": 24,
     "metadata": {},
     "output_type": "execute_result"
    }
   ],
   "source": [
    "evd"
   ]
  },
  {
   "cell_type": "code",
   "execution_count": 25,
   "id": "4deb3c4b",
   "metadata": {},
   "outputs": [
    {
     "data": {
      "text/plain": [
       "(10, 10)"
      ]
     },
     "execution_count": 25,
     "metadata": {},
     "output_type": "execute_result"
    }
   ],
   "source": [
    "evd[0].shape"
   ]
  },
  {
   "cell_type": "markdown",
   "id": "05d1bb5d",
   "metadata": {},
   "source": [
    "#### Calculating the L2 norm of the evd"
   ]
  },
  {
   "cell_type": "code",
   "execution_count": 26,
   "id": "c37bf15a",
   "metadata": {},
   "outputs": [
    {
     "data": {
      "text/plain": [
       "array([1., 1., 1., 1., 1., 1., 1., 1., 1., 1.])"
      ]
     },
     "execution_count": 26,
     "metadata": {},
     "output_type": "execute_result"
    }
   ],
   "source": [
    "np.linalg.norm(evd[0],ord=2,axis=0)"
   ]
  },
  {
   "cell_type": "code",
   "execution_count": 27,
   "id": "0e5437cb",
   "metadata": {},
   "outputs": [
    {
     "data": {
      "text/plain": [
       "array([2.20612213e+01, 1.28174608e+01, 6.93297061e+00, 4.08139652e+00,\n",
       "       1.20100563e+00, 1.90578415e-15, 9.35756220e-16, 6.39946799e-16,\n",
       "       4.21642550e-16, 3.07369574e-16])"
      ]
     },
     "execution_count": 27,
     "metadata": {},
     "output_type": "execute_result"
    }
   ],
   "source": [
    "evd[1]"
   ]
  },
  {
   "cell_type": "markdown",
   "id": "760735ee",
   "metadata": {},
   "source": [
    "This the eigen value of the matrix"
   ]
  },
  {
   "cell_type": "code",
   "execution_count": 28,
   "id": "7b21958d",
   "metadata": {},
   "outputs": [],
   "source": [
    "q1_transpose = evd[2][0,:]"
   ]
  },
  {
   "cell_type": "code",
   "execution_count": 29,
   "id": "97ae33cc",
   "metadata": {},
   "outputs": [
    {
     "data": {
      "text/plain": [
       "array([-0.28217236, -0.0182779 ,  0.08081674, -0.3381345 ,  0.2737255 ,\n",
       "        0.31381529,  0.3542169 , -0.5552756 ,  0.35240669, -0.26034906])"
      ]
     },
     "execution_count": 29,
     "metadata": {},
     "output_type": "execute_result"
    }
   ],
   "source": [
    "q1_transpose"
   ]
  },
  {
   "cell_type": "code",
   "execution_count": 30,
   "id": "fc1189ac",
   "metadata": {},
   "outputs": [],
   "source": [
    "q1_transpose = q1_transpose.reshape(1,q1_transpose.shape[0])"
   ]
  },
  {
   "cell_type": "code",
   "execution_count": 31,
   "id": "cd95eda8",
   "metadata": {},
   "outputs": [
    {
     "data": {
      "text/plain": [
       "array([[-0.28217236, -0.0182779 ,  0.08081674, -0.3381345 ,  0.2737255 ,\n",
       "         0.31381529,  0.3542169 , -0.5552756 ,  0.35240669, -0.26034906]])"
      ]
     },
     "execution_count": 31,
     "metadata": {},
     "output_type": "execute_result"
    }
   ],
   "source": [
    "q1_transpose"
   ]
  },
  {
   "cell_type": "markdown",
   "id": "9370c574",
   "metadata": {},
   "source": [
    "### Dot product of q1_transpose with q1"
   ]
  },
  {
   "cell_type": "code",
   "execution_count": 32,
   "id": "c909d985",
   "metadata": {},
   "outputs": [
    {
     "data": {
      "text/plain": [
       "array([[ 1.00000000e+00, -1.48624353e-16,  9.38119531e-17,\n",
       "         8.08355056e-18,  6.95098229e-17, -1.80164497e-17,\n",
       "         6.70727310e-17,  1.08408496e-16,  8.58190379e-17,\n",
       "        -1.85337108e-17]])"
      ]
     },
     "execution_count": 32,
     "metadata": {},
     "output_type": "execute_result"
    }
   ],
   "source": [
    "np.matmul(q1_transpose,evd[0])"
   ]
  },
  {
   "cell_type": "markdown",
   "id": "e7b94514",
   "metadata": {},
   "source": [
    "### Calcualting the rank of the matrix"
   ]
  },
  {
   "cell_type": "code",
   "execution_count": 34,
   "id": "fca85822",
   "metadata": {},
   "outputs": [
    {
     "data": {
      "text/plain": [
       "5"
      ]
     },
     "execution_count": 34,
     "metadata": {},
     "output_type": "execute_result"
    }
   ],
   "source": [
    "np.linalg.matrix_rank(A)"
   ]
  },
  {
   "cell_type": "code",
   "execution_count": null,
   "id": "b73d69e2",
   "metadata": {},
   "outputs": [],
   "source": []
  }
 ],
 "metadata": {
  "kernelspec": {
   "display_name": "Python 3",
   "language": "python",
   "name": "python3"
  },
  "language_info": {
   "codemirror_mode": {
    "name": "ipython",
    "version": 3
   },
   "file_extension": ".py",
   "mimetype": "text/x-python",
   "name": "python",
   "nbconvert_exporter": "python",
   "pygments_lexer": "ipython3",
   "version": "3.8.8"
  }
 },
 "nbformat": 4,
 "nbformat_minor": 5
}
